lr: 0.0001
epochs: 200
val_loss: 0.623487675189972
val_acc: 0.628
train_loss: 0.5853554827826364
train_acc: 0.6841428571428572
