lr: 0.05
sparsity_ziel: 0.6
coff_size: 0.01
coff_ent: 0.0005
t0: 10.0
t1: 1.0
epochs: 5
fidelity+: 0.10904745757579803
fidelity-: 0.07202011346817017
sparsity: 0.4907100796699524
