lr: 0.01
sparsity_ziel: 0.6
coff_size: 0.01
coff_ent: 0.0005
t0: 5.0
t1: 1.0
epochs: 5
fidelity+: 0.16580763459205627
fidelity-: 0.004339770879596472
sparsity: 0.4556659162044525
