lr: 0.005
sparsity_ziel: 0.6
coff_size: 0.01
coff_ent: 0.0005
t0: 5.0
t1: 1.0
epochs: 5
fidelity+: 0.15228377282619476
fidelity-: 0.019199006259441376
sparsity: 0.4494113326072693
