lr: 0.05
sparsity_ziel: 0.6
coff_size: 0.001
coff_ent: 0.0005
t0: 7.0
t1: 1.0
epochs: 5
fidelity+: 8.893416634236928e-06
fidelity-: 0.15935145318508148
sparsity: 0.9992641806602478
