lr: 0.001
sparsity_ziel: 0.7
epochs: 400
fidelity+: 0.08781711757183075
fidelity-: 0.037222422659397125
sparsity: 0.7096774578094482
