lr: 0.001
sparsity_ziel: 0.7
epochs: 500
fidelity+: 0.09239950776100159
fidelity-: 0.03947294503450394
sparsity: 0.7096774578094482
