lr: 0.001
sparsity_ziel: 0.6
epochs: 500
fidelity+: 0.15590734779834747
fidelity-: 0.0829528421163559
sparsity: 0.6000000238418579
