lr: 0.005
sparsity_ziel: 0.6
epochs: 400
fidelity+: 0.1365938037633896
fidelity-: 0.10604775696992874
sparsity: 0.6000000238418579
