lr: 0.005
sparsity_ziel: 0.6
epochs: 500
fidelity+: 0.13882765173912048
fidelity-: 0.11391563713550568
sparsity: 0.6000000238418579
