lr: 0.001
epochs: 200
val_loss: 0.06623006258159876
val_acc: 0.956
train_loss: 0.0597398840157049
train_acc: 0.9584285714285714
