lr: 0.05
sparsity_ziel: 0.6
coff_size: 0.001
coff_ent: 0.0005
t0: 7.0
t1: 1.0
epochs: 5
fidelity+: 0.1634404957294464
fidelity-: -0.059383079409599304
sparsity: 0.5
