lr: 0.05
sparsity_ziel: 0.6
coff_size: 0.01
coff_ent: 0.0005
t0: 5.0
t1: 1.0
epochs: 5
fidelity+: 0.18968255817890167
fidelity-: -0.08562514930963516
sparsity: 0.5
