lr: 0.05
sparsity_ziel: 0.6
coff_size: 0.01
coff_ent: 0.0005
t0: 10.0
t1: 1.0
epochs: 5
fidelity+: 0.17572417855262756
fidelity-: -0.07166679203510284
sparsity: 0.5
