lr: 5e-05
epochs: 300
val_loss: 0.3856846328292574
val_acc: 0.8656478828398599
train_loss: 0.21468468745323746
train_acc: 0.9188156638013372
