lr: 5e-05
epochs: 200
val_loss: 0.6041386337841258
val_acc: 0.6648484848484848
train_loss: 0.6018510337533622
train_acc: 0.6764247358392517
