lr: 0.005
sparsity_ziel: 0.7
coff_size: 0.01
coff_ent: 0.0005
t0: 5.0
t1: 1.0
epochs: 5
fidelity+: 0.14506731927394867
fidelity-: 0.3167434334754944
sparsity: 0.6348704099655151
