lr: 0.005
sparsity_ziel: 0.7
coff_size: 0.001
coff_ent: 0.0005
t0: 5.0
t1: 1.0
epochs: 5
fidelity+: 0.051114361733198166
fidelity-: 0.4917893707752228
sparsity: 0.6253736615180969
