lr: 0.05
sparsity_ziel: 0.7
coff_size: 0.01
coff_ent: 0.0005
t0: 5.0
t1: 1.0
epochs: 5
fidelity+: 0.0958455502986908
fidelity-: 0.3949541449546814
sparsity: 0.6353575587272644
