lr: 0.05
sparsity_ziel: 0.7
coff_size: 0.005
coff_ent: 0.0005
t0: 5.0
t1: 1.0
epochs: 5
fidelity+: 0.4229569137096405
fidelity-: 0.10534486919641495
sparsity: 0.6241406202316284
