lr: 0.05
sparsity_ziel: 0.7
coff_size: 0.01
coff_ent: 0.0005
t0: 5.0
t1: 1.0
epochs: 5
info: test und train Daten gleich
fidelity+: 0.27070352435112
fidelity-: 0.17689798772335052
sparsity: 0.6305029392242432
