lr: 0.05
sparsity_ziel: 0.7
coff_size: 0.01
coff_ent: 0.0005
t0: 10.0
t1: 1.0
epochs: 10
fidelity+: 0.07038679718971252
fidelity-: 0.48117443919181824
sparsity: 0.6356338262557983
