lr: 0.05
sparsity_ziel: 0.7
coff_size: 0.005
coff_ent: 0.0005
t0: 5.0
t1: 1.0
epochs: 5
fidelity+: 0.4201490879058838
fidelity-: 0.0811876729130745
sparsity: 0.6273621320724487
info: "test und train Daten gleich"
