lr: 0.001
sparsity_ziel: 0.7
coff_size: 0.01
coff_ent: 0.0005
t0: 5.0
t1: 1.0
epochs: 5
fidelity+: 0.05662266165018082
fidelity-: 0.4614631235599518
sparsity: 0.624946653842926
