lr: 0.05
sparsity_ziel: 0.7
coff_size: 0.001
coff_ent: 0.0005
t0: 5.0
t1: 1.0
epochs: 5
fidelity+: 0.15668374300003052
fidelity-: 0.3720338046550751
sparsity: 0.7688400745391846
