lr: 0.05
sparsity_ziel: 0.7
epochs: 400
fidelity+: 0.19141696393489838
fidelity-: 0.27881133556365967
sparsity: 0.7171217203140259
