lr: 0.01
sparsity_ziel: 0.7
epochs: 400
fidelity+: 0.21937377750873566
fidelity-: 0.3331165611743927
sparsity: 0.7171217203140259
