lr: 0.05
sparsity_ziel: 0.7
epochs: 300
fidelity+: 0.31889817118644714
fidelity-: 0.296983003616333
sparsity: 0.7171217203140259
