lr: 5e-06
epochs: 300
val_loss: 0.4957836389541626
val_acc: 0.7819767441860465
train_loss: 0.4698099338811291
train_acc: 0.7909468438538206
