lr: 0.01
sparsity_ziel: 0.6
coff_size: 0.01
coff_ent: 0.0005
t0: 5.0
t1: 1.0
epochs: 5
fidelity+: 0.016200002282857895
fidelity-: 0.04980993643403053
sparsity: 0.5
