lr: 0.005
sparsity_ziel: 0.7
coff_size: 0.005
coff_ent: 0.0005
t0: 5.0
t1: 1.0
epochs: 5
fidelity+: 0.03014441952109337
fidelity-: 0.03665630519390106
sparsity: 0.5
