lr: 0.05
sparsity_ziel: 0.6
coff_size: 0.01
coff_ent: 0.0005
t0: 7.0
t1: 1.0
epochs: 5
fidelity+: 0.015102360397577286
fidelity-: 0.04960785433650017
sparsity: 0.5005000233650208
