lr: 0.05
sparsity_ziel: 0.6
coff_size: 0.001
coff_ent: 0.0005
t0: 5.0
t1: 1.0
epochs: 5
fidelity+: -1.1920929521291868e-10
fidelity-: 0.06505116820335388
sparsity: 1.0
