lr: 0.05
sparsity_ziel: 0.7
coff_size: 0.005
coff_ent: 0.0005
t0: 5.0
t1: 1.0
epochs: 5
fidelity+: 0.00015819442342035472
fidelity-: 0.06528912484645844
sparsity: 0.9810000061988831
