lr: 0.05
sparsity_ziel: 0.6
coff_size: 0.01
coff_ent: 0.0005
t0: 10.0
t1: 1.0
epochs: 5
fidelity+: 0.011570903472602367
fidelity-: 0.05565187707543373
sparsity: 0.5690000057220459
