lr: 0.001
sparsity_ziel: 0.6
epochs: 300
fidelity+: 0.020786648616194725
fidelity-: 0.0117073655128479
sparsity: 0.6153845191001892
