lr: 0.001
epochs: 200
val_loss: 0.030365886355014027
val_acc: 0.9965
train_loss: 0.0024677137929445384
train_acc: 0.9991428571428571
