lr: 0.0001
epochs: 200
val_loss: 0.019453525822609664
val_acc: 1.0
train_loss: 0.01874085890927485
train_acc: 0.9992857142857143
