lr: 0.001
sparsity_ziel: 0.7
epochs: 300
fidelity+: 0.17522840201854706
fidelity-: 0.357692688703537
sparsity: 0.7152990698814392
