lr: 0.001
sparsity_ziel: 0.7
epochs: 500
fidelity+: 0.20100203156471252
fidelity-: 0.3921840190887451
sparsity: 0.7152990698814392
