lr: 0.001
sparsity_ziel: 0.7
epochs: 400
fidelity+: 0.13362297415733337
fidelity-: 0.39119982719421387
sparsity: 0.7152990698814392
