lr: 0.05
sparsity_ziel: 0.7
coff_size: 0.01
coff_ent: 0.0005
t0: 5.0
t1: 1.0
epochs: 5
fidelity+: 0.00041502772364765406
fidelity-: 0.46511393785476685
sparsity: 0.9184863567352295
