lr: 0.05
sparsity_ziel: 0.7
coff_size: 0.01
coff_ent: 0.0005
t0: 5.0
t1: 1.0
epochs: 1
fidelity+: 0.13047157227993011
fidelity-: 0.32014673948287964
sparsity: 0.6074497699737549
