lr: 0.05
sparsity_ziel: 0.7
coff_size: 0.01
coff_ent: 0.0005
t0: 5.0
t1: 1.0
epochs: 5
fidelity+: 0.06763079017400742
fidelity-: 0.46710050106048584
sparsity: 0.9251534342765808
