lr: 0.05
sparsity_ziel: 0.7
coff_size: 0.0001
coff_ent: 0.0005
t0: 5.0
t1: 1.0
epochs: 5
fidelity+: 0.01977870985865593
fidelity-: 0.4739431142807007
sparsity: 0.9676719903945923
