lr: 0.005
sparsity_ziel: 0.7
coff_size: 0.01
coff_ent: 0.0005
t0: 5.0
t1: 1.0
epochs: 5
fidelity+: 0.026619769632816315
fidelity-: 0.46008190512657166
sparsity: 0.8121187090873718
