lr: 0.005
sparsity_ziel: 0.7
coff_size: 0.01
coff_ent: 0.0005
t0: 5.0
t1: 1.0
epochs: 5
fidelity+: 0.028629189357161522
fidelity-: 0.46926066279411316
sparsity: 0.751581072807312
