lr: 0.05
sparsity_ziel: 0.7
coff_size: 0.01
coff_ent: 0.0005
t0: 5.0
t1: 1.0
epochs: 5
fidelity+: 0.13249827921390533
fidelity-: 0.3279748558998108
sparsity: 0.575620174407959
