lr: 0.05
sparsity_ziel: 0.7
coff_size: 0.005
coff_ent: 0.0005
t0: 5.0
t1: 1.0
epochs: 5
fidelity+: 0.06830829381942749
fidelity-: 0.4678440988063812
sparsity: 0.8751935362815857
