lr: 0.05
sparsity_ziel: 0.7
coff_size: 0.005
coff_ent: 0.0005
t0: 5.0
t1: 1.0
epochs: 1
fidelity+: 0.12639683485031128
fidelity-: 0.3061291575431824
sparsity: 0.6118937134742737
