lr: 0.05
sparsity_ziel: 0.7
coff_size: 0.005
coff_ent: 0.0005
t0: 5.0
t1: 1.0
epochs: 5
fidelity+: 0.1357545256614685
fidelity-: 0.29217657446861267
sparsity: 0.6169146299362183
