lr: 0.0005
sparsity_ziel: 0.7
coff_size: 0.01
coff_ent: 0.0005
t0: 5.0
t1: 1.0
epochs: 5
fidelity+: 0.01898822747170925
fidelity-: 0.42253997921943665
sparsity: 0.8223333954811096
