lr: 0.001
sparsity_ziel: 0.7
coff_size: 0.01
coff_ent: 0.0005
t0: 5.0
t1: 1.0
epochs: 5
fidelity+: 0.08493698388338089
fidelity-: 0.38775283098220825
sparsity: 0.6513675451278687
