lr: 5e-05
epochs: 200
val_loss: 0.6302060570035662
val_acc: 0.6391752577319587
train_loss: 0.6092701405286789
train_acc: 0.6703828355069416
