lr: 0.005
sparsity_ziel: 0.7
epochs: 400
fidelity+: 0.034762777388095856
fidelity-: 0.05592505633831024
sparsity: 0.7200000286102295
