lr: 0.001
sparsity_ziel: 0.7
epochs: 500
fidelity+: 0.07508315145969391
fidelity-: 0.032833896577358246
sparsity: 0.7200000286102295
