lr: 0.001
sparsity_ziel: 0.7
epochs: 300
fidelity+: 0.06588359922170639
fidelity-: 0.04295550286769867
sparsity: 0.7200000286102295
