lr: 0.001
sparsity_ziel: 0.6
epochs: 400
fidelity+: 0.0740870013833046
fidelity-: 0.047378554940223694
sparsity: 0.6315789818763733
