lr: 0.01
sparsity_ziel: 0.6
coff_size: 0.01
coff_ent: 0.0005
t0: 5.0
t1: 1.0
epochs: 5
fidelity+: 0.1356709748506546
fidelity-: 0.03719550371170044
sparsity: 0.519143283367157
