lr: 0.05
sparsity_ziel: 0.6
coff_size: 0.001
coff_ent: 0.0005
t0: 7.0
t1: 1.0
epochs: 5
fidelity+: 0.00021971068053971976
fidelity-: 0.15210026502609253
sparsity: 0.9988129138946533
