lr: 0.005
sparsity_ziel: 0.6
coff_size: 0.01
coff_ent: 0.0005
t0: 5.0
t1: 1.0
epochs: 5
fidelity+: 0.19145531952381134
fidelity-: 0.04052899777889252
sparsity: 0.5339810252189636
