lr: 0.05
sparsity_ziel: 0.6
coff_size: 0.001
coff_ent: 0.0005
t0: 7.0
t1: 1.0
epochs: 5
fidelity+: 0.0011599655263125896
fidelity-: 0.26021215319633484
sparsity: 0.9802937507629395
