lr: 0.05
sparsity_ziel: 0.6
coff_size: 0.01
coff_ent: 0.0005
t0: 10.0
t1: 1.0
epochs: 5
fidelity+: 0.17791740596294403
fidelity-: 0.06264591217041016
sparsity: 0.5658047795295715
