lr: 0.005
sparsity_ziel: 0.6
coff_size: 0.005
coff_ent: 0.0005
t0: 5.0
t1: 1.0
epochs: 5
fidelity+: 0.18490774929523468
fidelity-: 0.044835127890110016
sparsity: 0.5316707491874695
