lr: 0.05
sparsity_ziel: 0.6
coff_size: 0.01
coff_ent: 0.0005
t0: 5.0
t1: 1.0
epochs: 5
fidelity+: 1.788139358804841e-10
fidelity-: 0.19721387326717377
sparsity: 1.0
