lr: 0.005
sparsity_ziel: 0.6
coff_size: 0.01
coff_ent: 0.0005
t0: 5.0
t1: 1.0
epochs: 5
fidelity+: 0.07431484013795853
fidelity-: 0.08551385253667831
sparsity: 0.5700715184211731
