lr: 0.005
sparsity_ziel: 0.6
coff_size: 0.001
coff_ent: 0.0005
t0: 7.0
t1: 1.0
epochs: 5
fidelity+: 0.06485213339328766
fidelity-: 0.09435155987739563
sparsity: 0.571428656578064
