lr: 0.001
sparsity_ziel: 0.6
epochs: 400
fidelity+: 0.06248354911804199
fidelity-: 0.027216129004955292
sparsity: 0.6000000238418579
