lr: 0.005
sparsity_ziel: 0.6
epochs: 400
fidelity+: 0.06418547034263611
fidelity-: 0.029865313321352005
sparsity: 0.6000000238418579
