lr: 5e-05
epochs: 200
val_loss: 0.6071645648855912
val_acc: 0.6734258271077909
train_loss: 0.5969720302206097
train_acc: 0.6805428484293992
