lr: 0.05
sparsity_ziel: 0.7
coff_size: 0.01
coff_ent: 0.0005
t0: 5.0
t1: 1.0
epochs: 5
fidelity+: 0.14825579524040222
fidelity-: 0.511541485786438
sparsity: 0.8783645629882812
