lr: 0.0001
sparsity_ziel: 0.7
coff_size: 0.01
coff_ent: 0.0005
t0: 5.0
t1: 1.0
epochs: 5
fidelity+: 0.08366507291793823
fidelity-: 0.5012074708938599
sparsity: 0.8976667523384094
