lr: 0.05
sparsity_ziel: 0.7
coff_size: 0.01
coff_ent: 0.0005
t0: 8.0
t1: 4.0
epochs: 10
fidelity+: 0.15566426515579224
fidelity-: 0.5007827877998352
sparsity: 0.8395167589187622
