lr: 0.05
sparsity_ziel: 0.7
coff_size: 0.1
coff_ent: 0.0005
t0: 5.0
t1: 1.0
epochs: 5
fidelity+: 0.18779562413692474
fidelity-: 0.5014368295669556
sparsity: 0.8333212733268738
