lr: 0.05
sparsity_ziel: 0.7
coff_size: 0.005
coff_ent: 0.0005
t0: 5.0
t1: 1.0
epochs: 5
fidelity+: 0.19445037841796875
fidelity-: 0.5043922066688538
sparsity: 0.8544787764549255
