lr: 0.05
sparsity_ziel: 0.7
coff_size: 0.01
coff_ent: 0.0005
t0: 7.0
t1: 1.0
epochs: 10
fidelity+: 0.19309788942337036
fidelity-: 0.5007827877998352
sparsity: 0.8353846073150635
