lr: 0.05
sparsity_ziel: 0.7
coff_size: 0.01
coff_ent: 0.005
t0: 5.0
t1: 1.0
epochs: 5
fidelity+: 0.16382548213005066
fidelity-: 0.5007827877998352
sparsity: 0.8501854538917542
