lr: 0.05
sparsity_ziel: 0.7
coff_size: 0.01
coff_ent: 0.0005
t0: 5.0
t1: 1.0
epochs: 5
info: test und train Daten gleich
fidelity+: 0.15932296216487885
fidelity-: 0.5245198011398315
sparsity: 0.8945338129997253
