lr: 0.05
sparsity_ziel: 0.7
coff_size: 0.01
coff_ent: 0.0005
t0: 5.0
t1: 4.0
epochs: 5
fidelity+: 0.15218955278396606
fidelity-: 0.5012074708938599
sparsity: 0.8659042119979858
