lr: 0.05
sparsity_ziel: 0.7
coff_size: 0.01
coff_ent: 0.0005
t0: 3.0
t1: 1.0
epochs: 5
fidelity+: 0.17585164308547974
fidelity-: 0.5007827877998352
sparsity: 0.8393508195877075
