lr: 0.0001
epochs: 200
val_loss: 0.62943988496607
val_acc: 0.6525821596244131
train_loss: 0.6193501682657945
train_acc: 0.6486704270749396
