lr: 0.001
num_epochs: 300
val_loss: 0.28569528957207996
val_acc: 0.8885705189430118
train_loss: 0.25780451128428633
train_acc: 0.8943921408104789
