lr: 0.01
sparsity_ziel: 0.6
coff_size: 0.01
coff_ent: 0.0005
t0: 5.0
t1: 1.0
epochs: 5
fidelity+: 0.10720078647136688
fidelity-: 0.03947199508547783
sparsity: 0.45430004596710205
