lr: 0.005
sparsity_ziel: 0.6
coff_size: 0.01
coff_ent: 0.0005
t0: 5.0
t1: 1.0
epochs: 5
fidelity+: 0.10742158442735672
fidelity-: 0.039234597235918045
sparsity: 0.45350003242492676
