lr: 0.05
sparsity_ziel: 0.6
coff_size: 0.01
coff_ent: 0.0005
t0: 5.0
t1: 1.0
epochs: 5
fidelity+: 0.10980668663978577
fidelity-: 0.03648316487669945
sparsity: 0.45500004291534424
