lr: 0.05
sparsity_ziel: 0.6
coff_size: 0.01
coff_ent: 0.0005
t0: 10.0
t1: 1.0
epochs: 5
fidelity+: 0.10961302369832993
fidelity-: 0.03658924251794815
sparsity: 0.45500001311302185
