lr: 0.05
sparsity_ziel: 0.6
coff_size: 0.001
coff_ent: 0.0005
t0: 7.0
t1: 1.0
epochs: 5
fidelity+: -5.364417798858767e-10
fidelity-: 0.15684451162815094
sparsity: 1.0
