lr: 0.01
sparsity_ziel: 0.6
coff_size: 0.01
coff_ent: 0.0005
t0: 5.0
t1: 1.0
epochs: 5
fidelity+: 0.17488910257816315
fidelity-: 0.009916900657117367
sparsity: 0.46419572830200195
