lr: 0.05
sparsity_ziel: 0.6
coff_size: 0.01
coff_ent: 0.0005
t0: 10.0
t1: 1.0
epochs: 5
fidelity+: 0.1744915395975113
fidelity-: 0.011197368614375591
sparsity: 0.46428894996643066
