lr: 5e-05
epochs: 100
val_loss: 0.5273268317304006
val_acc: 0.7514307041552625
train_loss: 0.47742273029706156
train_acc: 0.7771773906861003
