lr: 0.005
sparsity_ziel: 0.7
epochs: 400
fidelity+: 0.025729304179549217
fidelity-: 0.05157174915075302
sparsity: 0.714285671710968
