lr: 0.001
sparsity_ziel: 0.7
epochs: 500
fidelity+: 0.02347121760249138
fidelity-: 0.035433366894721985
sparsity: 0.714285671710968
