lr: 0.05
sparsity_ziel: 0.6
coff_size: 0.01
coff_ent: 0.0005
t0: 10.0
t1: 1.0
epochs: 5
fidelity+: 0.2394465208053589
fidelity-: 0.04691081494092941
sparsity: 0.502223789691925
