lr: 0.05
sparsity_ziel: 0.6
coff_size: 0.0001
coff_ent: 0.0005
t0: 5.0
t1: 1.0
epochs: 5
fidelity+: 6.226229743333533e-05
fidelity-: 0.2991640865802765
sparsity: 0.9993624091148376
