lr: 0.05
sparsity_ziel: 0.6
coff_size: 0.05
coff_ent: 5e-05
t0: 10.0
t1: 1.0
epochs: 5
fidelity+: 0.06723063439130783
fidelity-: 0.20625939965248108
sparsity: 0.5043076872825623
