lr: 5e-06
epochs: 300
val_loss: 0.6275647405920357
val_acc: 0.6384268884268884
train_loss: 0.6134043200849899
train_acc: 0.653385468224114
