lr: 0.001
sparsity_ziel: 0.7
epochs: 400
fidelity+: 0.06681652367115021
fidelity-: 0.09150365740060806
sparsity: 0.7692306637763977
