lr: 0.005
sparsity_ziel: 0.6
epochs: 400
fidelity+: 0.008969022892415524
fidelity-: 0.04618353396654129
sparsity: 0.714285671710968
