lr: 0.001
sparsity_ziel: 0.6
epochs: 400
fidelity+: 0.03501636162400246
fidelity-: 0.036039579659700394
sparsity: 0.714285671710968
