lr: 5e-06
epochs: 300
val_loss: 0.6670143471823798
val_acc: 0.5935545935545935
train_loss: 0.6607040194071592
train_acc: 0.6057357522448231
