lr: 0.05
sparsity_ziel: 0.7
epochs: 500
fidelity+: 0.24511289596557617
fidelity-: 0.3262428045272827
sparsity: 0.7067587375640869
