lr: 0.01
sparsity_ziel: 0.7
epochs: 400
fidelity+: 0.24302776157855988
fidelity-: 0.26855191588401794
sparsity: 0.7067587375640869
