lr: 0.05
sparsity_ziel: 0.7
epochs: 400
fidelity+: 0.19654694199562073
fidelity-: 0.38458767533302307
sparsity: 0.7067587375640869
