lr: 0.01
sparsity_ziel: 0.7
epochs: 300
fidelity+: 0.27676817774772644
fidelity-: 0.27667132019996643
sparsity: 0.7067587375640869
