lr: 0.01
sparsity_ziel: 0.7
epochs: 500
fidelity+: 0.24340738356113434
fidelity-: 0.3585120439529419
sparsity: 0.7067587375640869
