lr: 0.05
sparsity_ziel: 0.7
epochs: 100
fidelity+: 0.20608574151992798
fidelity-: 0.32124561071395874
sparsity: 0.7067587375640869
