lr: 0.005
sparsity_ziel: 0.7
epochs: 400
fidelity+: 0.3026846945285797
fidelity-: 0.2600095868110657
sparsity: 0.7067587375640869
