lr: 0.001
sparsity_ziel: 0.7
epochs: 400
fidelity+: 0.31958651542663574
fidelity-: 0.2448102980852127
sparsity: 0.7067587375640869
