lr: 0.001
sparsity_ziel: 0.6
epochs: 300
fidelity+: 0.05527077987790108
fidelity-: 0.04249434918165207
sparsity: 0.6315789818763733
