lr: 0.005
sparsity_ziel: 0.6
epochs: 500
fidelity+: 0.054469767957925797
fidelity-: 0.05243585631251335
sparsity: 0.6315789818763733
