lr: 0.001
sparsity_ziel: 0.6
epochs: 500
fidelity+: 0.05876622721552849
fidelity-: 0.04812783747911453
sparsity: 0.6315789818763733
