lr: 0.005
sparsity_ziel: 0.6
coff_size: 0.01
coff_ent: 0.0005
t0: 5.0
t1: 1.0
epochs: 5
fidelity+: 0.06723519414663315
fidelity-: 0.02591913565993309
sparsity: 0.5500000715255737
