lr: 0.05
sparsity_ziel: 0.6
coff_size: 0.01
coff_ent: 0.0005
t0: 5.0
t1: 1.0
epochs: 5
fidelity+: 0.06626816838979721
fidelity-: 0.0268251970410347
sparsity: 0.5429999828338623
