lr: 0.05
sparsity_ziel: 0.7
coff_size: 0.005
coff_ent: 0.0005
t0: 5.0
t1: 1.0
epochs: 5
fidelity+: -2.3841859042583735e-10
fidelity-: 0.09308214485645294
sparsity: 1.0
