lr: 0.005
sparsity_ziel: 0.7
coff_size: 0.01
coff_ent: 0.0005
t0: 5.0
t1: 1.0
epochs: 5
info: test und train Daten gleich
fidelity+: 0.06392594426870346
fidelity-: 0.026335373520851135
sparsity: 0.5479999780654907
