lr: 0.001
sparsity_ziel: 0.6
epochs: 300
fidelity+: 0.08072192966938019
fidelity-: 0.025520607829093933
sparsity: 0.6129032373428345
