lr: 0.001
sparsity_ziel: 0.6
epochs: 400
fidelity+: 0.10141170769929886
fidelity-: 0.021572742611169815
sparsity: 0.6129032373428345
