lr: 0.005
sparsity_ziel: 0.6
epochs: 500
fidelity+: 0.07598604261875153
fidelity-: 0.05451906844973564
sparsity: 0.6129032373428345
