lr: 1e-06
epochs: 300
val_loss: 0.6726491110665458
val_acc: 0.5819254064392732
train_loss: 0.6741605932062322
train_acc: 0.5803542966437452
