lr: 0.001
sparsity_ziel: 0.6
epochs: 400
fidelity+: 0.07531049847602844
fidelity-: 0.07101287692785263
sparsity: 0.6153845191001892
