lr: 0.005
sparsity_ziel: 0.7
epochs: 400
fidelity+: 0.07797735929489136
fidelity-: 0.041800715029239655
sparsity: 0.7027027010917664
