lr: 0.001
sparsity_ziel: 0.7
epochs: 300
fidelity+: 0.11260448396205902
fidelity-: 0.015374381095170975
sparsity: 0.7027027010917664
