lr: 0.001
sparsity_ziel: 0.7
epochs: 400
fidelity+: 0.10073262453079224
fidelity-: 0.0031701254192739725
sparsity: 0.7027027010917664
