lr: 0.05
sparsity_ziel: 0.7
coff_size: 0.01
coff_ent: 0.0005
t0: 3.0
t1: 1.0
epochs: 5
fidelity+: 0.46151432394981384
fidelity-: 0.19887851178646088
sparsity: 0.6195061206817627
