lr: 0.05
sparsity_ziel: 0.7
coff_size: 0.01
coff_ent: 0.0005
t0: 8.0
t1: 4.0
epochs: 5
fidelity+: 0.47063010931015015
fidelity-: 0.1492478996515274
sparsity: 0.5865675806999207
