lr: 0.05
sparsity_ziel: 0.7
coff_size: 0.01
coff_ent: 0.0005
t0: 7.0
t1: 1.0
epochs: 5
fidelity+: 0.463050901889801
fidelity-: 0.12427349388599396
sparsity: 0.6034966111183167
