lr: 0.05
sparsity_ziel: 0.7
coff_size: 0.001
coff_ent: 0.0005
t0: 5.0
t1: 1.0
epochs: 5
fidelity+: 0.4591304063796997
fidelity-: 0.19386987388134003
sparsity: 0.6179239749908447
