lr: 0.05
sparsity_ziel: 0.7
coff_size: 0.01
coff_ent: 5e-05
t0: 5.0
t1: 1.0
epochs: 5
fidelity+: 0.46386104822158813
fidelity-: 0.1385098099708557
sparsity: 0.6003412008285522
