lr: 0.001
sparsity_ziel: 0.7
coff_size: 0.01
coff_ent: 0.0005
t0: 5.0
t1: 1.0
epochs: 5
fidelity+: 0.14587029814720154
fidelity-: 0.33470869064331055
sparsity: 0.8494217991828918
