lr: 0.005
sparsity_ziel: 0.7
coff_size: 0.01
coff_ent: 0.0005
t0: 5.0
t1: 1.0
epochs: 5
fidelity+: 0.4087025225162506
fidelity-: 0.054699528962373734
sparsity: 0.7793262004852295
