lr: 0.05
sparsity_ziel: 0.7
coff_size: 0.01
coff_ent: 0.0005
t0: 5.0
t1: 4.0
epochs: 5
fidelity+: 0.4634585380554199
fidelity-: 0.1324218213558197
sparsity: 0.5969093441963196
