lr: 0.05
sparsity_ziel: 0.7
coff_size: 0.01
coff_ent: 0.005
t0: 5.0
t1: 1.0
epochs: 5
fidelity+: 0.4658515155315399
fidelity-: 0.12974275648593903
sparsity: 0.6043698191642761
