lr: 0.05
sparsity_ziel: 0.7
coff_size: 0.01
coff_ent: 0.0005
t0: 5.0
t1: 1.0
epochs: 10
fidelity+: 0.4624983072280884
fidelity-: 0.13362212479114532
sparsity: 0.6113917827606201
