lr: 0.05
sparsity_ziel: 0.7
coff_size: 0.01
coff_ent: 5e-05
t0: 5.0
t1: 1.0
epochs: 5
fidelity+: 0.4657150208950043
fidelity-: 0.14199092984199524
sparsity: 0.5966241955757141
