lr: 0.0001
sparsity_ziel: 0.7
coff_size: 0.01
coff_ent: 0.0005
t0: 5.0
t1: 1.0
epochs: 5
fidelity+: 0.037106387317180634
fidelity-: 0.4172665476799011
sparsity: 0.8381194472312927
