lr: 0.05
sparsity_ziel: 0.7
coff_size: 0.01
coff_ent: 0.0005
t0: 5.0
t1: 1.0
epochs: 5
fidelity+: 0.4592383801937103
fidelity-: 0.1968962699174881
sparsity: 0.6144741177558899
