lr: 0.05
sparsity_ziel: 0.7
coff_size: 0.01
coff_ent: 0.005
t0: 5.0
t1: 1.0
epochs: 5
fidelity+: 0.4688984155654907
fidelity-: 0.13689610362052917
sparsity: 0.5805450677871704
