lr: 0.05
sparsity_ziel: 0.7
coff_size: 0.01
coff_ent: 0.0005
t0: 8.0
t1: 4.0
epochs: 5
fidelity+: 0.464214026927948
fidelity-: 0.1354813426733017
sparsity: 0.6039360761642456
