lr: 0.05
sparsity_ziel: 0.7
coff_size: 0.01
coff_ent: 0.0005
t0: 5.0
t1: 1.0
epochs: 5
fidelity+: 0.4456077218055725
fidelity-: 0.1494493931531906
sparsity: 0.5972588062286377
