lr: 0.05
sparsity_ziel: 0.7
coff_size: 0.005
coff_ent: 0.0005
t0: 5.0
t1: 1.0
epochs: 5
fidelity+: 0.42340773344039917
fidelity-: 0.16169732809066772
sparsity: 0.607491672039032
