lr: 0.001
sparsity_ziel: 0.7
epochs: 400
fidelity+: 0.24412524700164795
fidelity-: 0.0679113119840622
sparsity: 0.7133089303970337
