lr: 0.001
sparsity_ziel: 0.7
epochs: 500
fidelity+: 0.24919848144054413
fidelity-: 0.05839097499847412
sparsity: 0.7133089303970337
