lr: 0.001
sparsity_ziel: 0.7
epochs: 400
fidelity+: 0.05388268083333969
fidelity-: 0.06115075945854187
sparsity: 0.7368420362472534
