lr: 0.001
sparsity_ziel: 0.7
epochs: 500
fidelity+: 0.06832844018936157
fidelity-: 0.061891112476587296
sparsity: 0.7368420362472534
