lr: 0.001
sparsity_ziel: 0.6
epochs: 500
fidelity+: 0.12939926981925964
fidelity-: -0.01749509759247303
sparsity: 0.6216215491294861
