lr: 0.001
sparsity_ziel: 0.6
epochs: 400
fidelity+: 0.09814279526472092
fidelity-: -0.010783701203763485
sparsity: 0.6216215491294861
