lr: 0.001
sparsity_ziel: 0.6
epochs: 300
fidelity+: 0.09504953026771545
fidelity-: -0.004412468522787094
sparsity: 0.6216215491294861
