lr: 0.005
sparsity_ziel: 0.6
epochs: 500
fidelity+: 0.08846399933099747
fidelity-: 0.022988462820649147
sparsity: 0.6216215491294861
