lr: 0.0001
epochs: 100
val_loss: 0.5912186436507166
val_acc: 0.7018053538078439
train_loss: 0.48787177049902064
train_acc: 0.771506491966562
