lr: 0.005
epochs: 200
val_loss: 0.006634330054546211
val_acc: 0.9965
train_loss: 0.005664554284218063
train_acc: 0.9976
