lr: 0.05
sparsity_ziel: 0.6
coff_size: 0.01
coff_ent: 0.0005
t0: 10.0
t1: 1.0
epochs: 5
fidelity+: 0.1558341681957245
fidelity-: 0.021044252440333366
sparsity: 0.5239593982696533
