lr: 0.05
sparsity_ziel: 0.6
coff_size: 0.01
coff_ent: 0.0005
t0: 4.0
t1: 1.0
epochs: 5
fidelity+: 0.019628312438726425
fidelity-: 0.14888063073158264
sparsity: 0.9010138511657715
