lr: 0.05
sparsity_ziel: 0.6
coff_size: 0.01
coff_ent: 0.0005
t0: 3.0
t1: 1.0
epochs: 5
fidelity+: 0.15795975923538208
fidelity-: 0.019359998404979706
sparsity: 0.5175560116767883
