lr: 0.01
sparsity_ziel: 0.6
coff_size: 0.01
coff_ent: 0.0005
t0: 5.0
t1: 1.0
epochs: 5
fidelity+: 0.16591301560401917
fidelity-: 0.011225482448935509
sparsity: 0.5
