lr: 0.001
sparsity_ziel: 0.6
epochs: 300
fidelity+: 0.008767951279878616
fidelity-: 0.013833362609148026
sparsity: 0.714285671710968
