lr: 0.001
sparsity_ziel: 0.6
epochs: 400
fidelity+: 0.008535142987966537
fidelity-: 0.01250125840306282
sparsity: 0.714285671710968
