lr: 0.001
sparsity_ziel: 0.6
epochs: 400
fidelity+: 0.13653363287448883
fidelity-: 0.15068194270133972
sparsity: 0.6216215491294861
