lr: 0.001
sparsity_ziel: 0.6
epochs: 200
fidelity+: 0.14486059546470642
fidelity-: 0.17049425840377808
sparsity: 0.6216215491294861
