lr: 0.005
sparsity_ziel: 0.6
epochs: 400
fidelity+: 0.13843557238578796
fidelity-: 0.13866399228572845
sparsity: 0.6216215491294861
