lr: 0.001
sparsity_ziel: 0.6
epochs: 500
fidelity+: 0.1294567734003067
fidelity-: 0.1576594114303589
sparsity: 0.6216215491294861
