lr: 0.05
sparsity_ziel: 0.6
coff_size: 0.001
coff_ent: 0.0005
t0: 7.0
t1: 1.0
epochs: 5
fidelity+: 0.007848458364605904
fidelity-: 0.29029521346092224
sparsity: 0.9116923213005066
