lr: 0.005
sparsity_ziel: 0.7
coff_size: 0.001
coff_ent: 0.0005
t0: 5.0
t1: 1.0
epochs: 5
info: test und train Daten gleich
fidelity+: 0.20700648427009583
fidelity-: 0.12660124897956848
sparsity: 0.6687692403793335
