lr: 0.05
sparsity_ziel: 0.6
coff_size: 0.01
coff_ent: 0.0005
t0: 10.0
t1: 1.0
epochs: 5
fidelity+: 0.2908579409122467
fidelity-: 0.05768426135182381
sparsity: 0.49992311000823975
